""	"corr"	"length"	"shift"
"1"	0.71	279	-10
"2"	0.51	112	24
"3"	0.67	421	40
"4"	0.87	1	-50
"5"	0.68	353	50
"6"	0.97	320	6
"7"	0.91	282	7
"8"	0.69	250	-34
"9"	0.83	183	-2
"10"	0.87	343	-21
"11"	0.66	267	35
"12"	0.89	268	1
"13"	0.35	1	-6
"14"	0.47	500	0
"15"	0.81	183	-20
"16"	0.5	165	50
"17"	0.85	1	22
"18"	0.74	227	40
"19"	0.63	415	50
"20"	0.62	192	50
"21"	0.58	329	50
"22"	0.92	159	0
"23"	0.92	253	-4
"24"	0.84	264	35
"25"	0.81	260	8
"26"	0.85	374	-12
"27"	0.74	361	-50
"28"	0.75	285	0
"29"	0.88	324	10
"30"	0.81	211	0
"31"	0.89	284	26
"32"	0.96	439	0
"33"	0.7	380	-48
"34"	0.71	308	-50
"35"	0.85	266	40
"36"	0.84	323	31
"37"	0.71	290	50
"38"	0.75	162	-27
"39"	0.74	385	-8
"40"	0.89	282	-37
"41"	0.81	370	6
"42"	0.89	308	-30
"43"	0.83	1	-17
"44"	0.65	372	-50
"45"	0.82	276	-27
"46"	0.8	279	-30
"47"	0.84	319	29
"48"	0.7	171	50
"49"	0.6	206	27
"50"	0.6	71	-50
"51"	0.84	1	-47
"52"	0.82	333	0
"53"	0.9	391	0
"54"	0.78	313	-33
"55"	0.67	1	50
"56"	0.85	329	9
"57"	0.66	198	-33
"58"	0.85	327	-32
"59"	0.67	211	28
"60"	0.61	500	0
"61"	0.74	255	-31
"62"	0.72	219	0
"63"	0.69	347	-50
"64"	0.74	330	-50
"65"	0.75	279	0
"66"	0.94	307	2
"67"	0.94	284	14
"68"	0.78	355	31
"69"	0.63	367	-7
"70"	0.92	246	-9
"71"	0.8	396	0
"72"	0.81	229	14
"73"	0.97	334	3
"74"	0.83	319	26
"75"	0.74	350	34
"76"	0.73	221	50
"77"	0.68	398	-31
"78"	0.8	165	8
"79"	0.72	1	32
"80"	0.77	397	-3
"81"	0.9	250	14
"82"	0.96	336	-4
"83"	0.91	327	-26
"84"	0.87	287	30
"85"	0.59	1	-50
"86"	0.62	399	-16
"87"	0.9	255	46
"88"	0.78	292	-14
"89"	0.92	312	21
"90"	0.91	258	7
"91"	0.65	252	-36
"92"	0.91	306	-16
"93"	0.81	174	-16
"94"	0.8	239	-49
"95"	0.83	1	40
"96"	0.75	382	0
"97"	0.79	270	7
"98"	0.68	343	50
"99"	0.66	200	16
"100"	0.82	369	13
"101"	0.8	331	33
"102"	0.86	206	-50
"103"	0.82	276	-3
"104"	0.81	258	-3
"105"	0.78	422	0
"106"	0.89	317	16
"107"	0.62	395	43
"108"	0.95	260	22
"109"	0.71	404	50
"110"	0.73	267	13
"111"	0.6	153	-32
"112"	0.72	386	20
"113"	0.88	305	3
"114"	0.8	313	-32
"115"	0.93	343	12
"116"	0.9	311	-5
"117"	0.9	253	-6
"118"	0.85	164	1
"119"	0.75	286	14
"120"	0.92	200	-3
"121"	0.71	377	-50
"122"	0.66	270	-25
"123"	0.84	340	-10
"124"	0.89	265	0
"125"	0.91	301	19
"126"	0.65	258	-36
"127"	0.92	316	10
"128"	0.67	231	-10
"129"	0.68	393	45
"130"	0.95	312	9
"131"	0.93	299	2
"132"	0.88	246	-23
"133"	0.86	422	0
"134"	0.95	336	-9
"135"	0.79	1	-43
"136"	0.74	274	50
"137"	0.91	233	-40
"138"	0.67	383	-33
"139"	0.76	365	0
"140"	0.75	476	0
"141"	0.61	370	-9
"142"	0.77	243	16
"143"	0.94	285	-17
"144"	0.66	463	0
"145"	0.92	344	11
"146"	0.91	288	-30
"147"	0.9	257	-19
"148"	0.63	371	0
"149"	0.61	166	0
"150"	0.87	313	-4
"151"	0.92	277	36
"152"	0.93	316	-4
"153"	0.73	343	14
"154"	0.86	273	25
"155"	0.64	373	50
"156"	0.62	313	-50
"157"	0.93	268	0
"158"	0.89	265	-19
"159"	0.68	400	39
"160"	0.89	177	8
"161"	0.37	500	-14
"162"	0.67	394	32
"163"	0.58	321	50
"164"	0.94	267	-11
"165"	0.52	86	50
"166"	0.9	277	-44
"167"	0.63	142	-50
"168"	0.7	394	22
"169"	0.51	500	0
"170"	0.94	83	7
"171"	0.78	277	35
"172"	0.84	155	-19
"173"	0.91	320	7
"174"	0.73	387	0
"175"	0.83	241	-13
"176"	0.78	221	30
"177"	0.92	259	5
"178"	0.73	287	-12
"179"	0.74	352	48
"180"	0.83	421	0
"181"	0.62	425	-29
"182"	0.68	370	0
"183"	0.55	500	0
"184"	0.88	307	36
"185"	0.67	311	1
"186"	0.68	469	0
"187"	0.86	244	35
"188"	0.62	422	26
"189"	0.79	294	1
"190"	0.63	394	47
"191"	0.68	287	30
"192"	0.9	234	19
"193"	0.88	157	-16
"194"	0.9	238	-10
"195"	0.92	272	34
"196"	0.8	259	21
"197"	0.73	337	-32
"198"	0.95	289	3
"199"	0.46	1	30
"200"	0.94	267	-1
"201"	0.7	1	-50
"202"	0.72	276	0
"203"	0.73	117	50
"204"	0.84	297	6
"205"	0.88	337	-14
"206"	0.93	313	-22
"207"	0.51	408	-50
"208"	0.93	282	-27
"209"	0.86	311	-6
"210"	0.66	408	-24
"211"	0.9	413	0
"212"	0.89	301	41
"213"	0.78	208	20
"214"	0.84	350	17
"215"	0.86	322	-5
"216"	0.69	248	-19
"217"	0.94	322	-2
"218"	0.95	275	-14
"219"	0.76	324	24
"220"	0.89	279	1
"221"	0.9	265	33
"222"	0.94	321	6
"223"	0.94	321	-10
"224"	0.94	320	19
"225"	0.6	216	50
"226"	0.92	272	34
"227"	0.4	500	12
"228"	0.72	365	-50
"229"	0.91	229	9
"230"	0.66	403	0
"231"	0.75	332	50
"232"	0.65	412	-23
"233"	0.64	355	-12
"234"	0.74	177	-46
"235"	0.85	317	29
"236"	0.94	288	-13
"237"	0.79	197	33
"238"	0.71	244	-19
"239"	0.59	308	-33
"240"	0.52	450	-5
"241"	0.95	297	-1
"242"	0.68	342	50
"243"	0.44	500	0
"244"	0.78	282	35
"245"	0.61	251	12
"246"	0.86	148	-14
"247"	0.89	213	0
"248"	0.58	500	0
"249"	0.9	234	-6
"250"	0.93	166	0
"251"	0.83	160	-35
"252"	0.77	271	-11
"253"	0.94	304	13
"254"	0.91	295	-4
"255"	0.65	315	8
"256"	0.64	412	28
"257"	0.71	312	4
"258"	0.88	235	-12
"259"	0.49	311	-50
"260"	0.91	240	12
"261"	0.71	71	-50
"262"	0.79	286	11
"263"	0.88	246	6
"264"	0.65	363	-5
"265"	0.75	320	24
"266"	0.79	290	-23
"267"	0.67	348	0
"268"	0.58	449	-29
"269"	0.76	299	47
"270"	0.95	419	0
"271"	0.86	387	0
"272"	0.74	219	29
"273"	0.68	355	44
"274"	0.79	245	10
"275"	0.87	334	28
"276"	0.91	295	-5
"277"	0.52	478	24
"278"	0.76	237	-50
"279"	0.54	458	0
"280"	0.85	244	-9
"281"	0.66	342	-50
"282"	0.64	411	50
"283"	0.85	399	0
"284"	0.68	365	-34
"285"	0.57	1	-5
"286"	0.63	232	9
"287"	0.63	194	-12
"288"	0.82	273	31
"289"	0.78	229	8
"290"	0.8	137	0
"291"	0.74	360	-27
"292"	0.81	173	35
"293"	0.96	306	0
"294"	0.74	325	-49
"295"	0.76	267	-32
"296"	0.79	303	-10
"297"	0.83	318	-36
"298"	0.77	386	6
"299"	0.75	402	-5
"300"	0.93	316	16
"301"	0.83	319	-2
"302"	0.88	402	-4
"303"	0.95	285	10
"304"	0.78	213	0
"305"	0.4	123	50
"306"	0.65	215	50
"307"	0.79	266	-14
"308"	0.67	1	6
"309"	0.82	296	-5
"310"	0.83	294	-23
"311"	0.7	397	-50
"312"	0.62	319	50
"313"	0.81	305	-21
"314"	0.78	334	44
"315"	0.94	390	0
"316"	0.76	365	45
"317"	0.79	363	22
"318"	0.61	459	0
"319"	0.71	368	0
"320"	0.71	370	-17
"321"	0.73	362	-49
"322"	0.76	146	-36
"323"	0.82	197	0
"324"	0.85	280	14
"325"	0.62	351	-50
"326"	0.86	268	1
"327"	0.93	251	19
"328"	0.87	114	-11
"329"	0.5	119	30
"330"	0.37	254	6
"331"	0.71	370	-50
"332"	0.67	402	50
"333"	0.64	159	39
"334"	0.49	1	50
"335"	0.63	108	37
"336"	0.73	114	-21
"337"	0.93	263	-4
"338"	0.5	139	50
"339"	0.61	289	50
"340"	0.86	193	15
"341"	0.96	294	4
"342"	0.83	173	-10
"343"	0.77	156	23
"344"	0.85	309	-9
"345"	0.69	382	-33
"346"	0.82	248	9
"347"	0.95	166	2
"348"	0.72	378	50
"349"	0.82	398	10
"350"	0.93	302	-11
"351"	0.91	301	32
"352"	0.96	307	-6
"353"	0.92	256	-22
"354"	0.98	337	3
"355"	0.83	320	-2
"356"	0.77	339	-29
"357"	0.87	244	12
"358"	0.71	244	0
"359"	0.67	350	-19
"360"	0.93	390	0
"361"	0.37	223	-50
"362"	0.91	191	4
"363"	0.41	372	-50
"364"	0.82	166	5
"365"	0.92	297	-5
"366"	0.81	340	-13
"367"	0.65	232	3
"368"	0.92	307	-15
"369"	0.81	334	26
"370"	0.83	249	50
"371"	0.45	451	0
"372"	0.78	286	50
"373"	0.59	398	-47
"374"	0.81	129	-39
"375"	0.6	116	-50
"376"	0.66	500	0
"377"	0.72	222	-38
"378"	0.89	295	5
"379"	0.79	264	4
"380"	0.7	377	29
"381"	0.81	320	-12
"382"	0.87	295	4
"383"	0.71	194	-20
"384"	0.95	307	10
"385"	0.91	182	5
"386"	0.87	187	17
"387"	0.59	356	-50
"388"	0.7	292	-50
"389"	0.74	308	28
"390"	0.93	295	27
"391"	0.72	361	50
"392"	0.88	368	11
"393"	0.77	297	-5
"394"	0.45	191	21
"395"	0.94	332	-6
"396"	0.93	265	-12
"397"	0.85	322	24
"398"	0.88	336	21
"399"	0.41	1	-50
"400"	0.58	321	50
"401"	0	NA	NA
"402"	0.92	304	-16
"403"	0.63	1	-1
"404"	0.67	372	-50
"405"	0.88	299	-20
"406"	0.94	319	17
"407"	0.92	1	4
"408"	0.7	411	38
"409"	0.89	250	30
"410"	0.76	1	-50
"411"	0.94	292	16
"412"	0.79	295	7
"413"	0.88	1	13
"414"	0.92	179	0
"415"	0.8	353	7
"416"	0.96	306	-1
"417"	0.76	328	-50
"418"	0.54	462	30
"419"	0.5	495	9
"420"	0.59	361	50
"421"	0.68	388	-50
"422"	0.76	356	-33
"423"	0.83	276	-50
"424"	0.7	308	50
"425"	0.9	444	0
"426"	0.69	387	-34
"427"	0.91	263	-20
"428"	0.86	1	-39
"429"	0.85	297	-38
"430"	0.97	328	3
"431"	0.92	349	0
"432"	0.73	346	-50
"433"	0.76	194	17
"434"	0.77	359	16
"435"	0.7	119	-22
"436"	0.47	173	-50
"437"	0.94	320	-17
"438"	0.86	305	-44
"439"	0.72	358	0
"440"	0.69	256	23
"441"	0.71	393	-47
"442"	0.94	253	12
"443"	0.89	334	25
"444"	0.76	1	13
"445"	0.94	293	-11
"446"	0.83	1	-50
"447"	0.71	328	50
"448"	0.63	333	-50
"449"	0.73	367	50
"450"	0.94	312	4
"451"	0.92	269	-6
"452"	0.78	313	-22
"453"	0.68	384	22
"454"	0.97	294	14
"455"	0.55	401	0
"456"	0.35	500	0
"457"	0.55	1	-50
"458"	0.98	379	0
"459"	0.75	327	8
"460"	0.9	265	27
"461"	0.96	295	-14
"462"	0.9	216	-22
"463"	0.94	219	4
"464"	0.93	269	6
"465"	0.82	288	-1
"466"	0.84	209	-26
"467"	0.85	254	-14
"468"	0.54	339	-18
"469"	0.69	1	11
"470"	0.93	292	28
"471"	0.93	293	-3
"472"	0.84	227	-11
"473"	0.66	327	-50
"474"	0.63	162	-50
"475"	0.86	264	25
"476"	0.84	149	-23
"477"	0.61	1	-16
"478"	0.81	259	-22
"479"	0.93	264	14
"480"	0.92	247	41
"481"	0.89	271	-15
"482"	0.9	217	-20
"483"	0.93	262	14
"484"	0.73	414	0
"485"	0.58	81	50
"486"	0.69	173	48
"487"	0.75	320	-21
"488"	0.69	1	-50
"489"	0.84	318	-3
"490"	0.85	305	19
"491"	0.66	304	-38
"492"	0.87	303	-7
"493"	0.61	146	23
"494"	0.71	1	0
"495"	0.64	1	-10
"496"	0.78	148	25
"497"	0.67	390	0
"498"	0.91	292	-4
"499"	0.72	173	50
"500"	0.48	500	10
"501"	0.9	287	5
"502"	0.75	316	50
"503"	0.96	294	8
"504"	0.72	379	50
"505"	0.82	288	-2
"506"	0.84	186	-2
"507"	0.92	282	14
"508"	0.92	259	2
"509"	0.86	342	-19
"510"	0.59	74	50
"511"	0.56	384	0
"512"	0.93	237	-12
"513"	0.62	376	20
"514"	0.79	349	-18
"515"	0.7	304	7
"516"	0.83	189	-1
"517"	0.82	208	15
"518"	0.74	318	10
"519"	0.95	370	-3
"520"	0.52	1	37
"521"	0.69	390	22
"522"	0.82	219	-14
"523"	0.75	350	31
"524"	0.8	267	-13
"525"	0.63	247	31
"526"	0.94	206	10
"527"	0.78	267	33
"528"	0.84	131	-32
"529"	0.57	327	50
"530"	0.29	181	0
"531"	0.9	1	31
"532"	0.88	264	-12
"533"	0.82	230	-8
"534"	0.71	399	36
"535"	0.9	246	-15
"536"	0.97	300	1
"537"	0.92	262	6
"538"	0.64	273	22
"539"	0.74	327	10
"540"	0.92	185	4
"541"	0.85	325	-10
"542"	0.82	170	-41
"543"	0.88	279	12
"544"	0.76	273	-31
"545"	0.96	333	0
"546"	0.96	272	-24
"547"	0.86	92	-28
"548"	0.93	289	-3
"549"	0.83	263	25
"550"	0.48	1	13
"551"	0.92	293	12
"552"	0.92	260	0
"553"	0.88	348	-15
"554"	0.92	292	1
"555"	0.57	367	-19
"556"	0.75	264	0
"557"	0.59	490	0
"558"	0.78	298	-6
"559"	0.67	312	50
"560"	0.94	276	-16
"561"	0.87	266	46
"562"	0.93	272	13
"563"	0.87	295	-13
"564"	0.67	291	20
"565"	0.72	171	-4
"566"	0.83	278	11
"567"	0.86	226	21
"568"	0.82	264	-18
"569"	0.93	337	14
"570"	0.78	145	0
"571"	0.59	1	50
"572"	0.72	192	3
"573"	0.95	259	18
"574"	0.81	253	-19
"575"	0.9	283	-35
"576"	0.61	68	-50
"577"	0.65	409	-21
"578"	0.79	265	-8
"579"	0.93	282	-17
"580"	0.65	395	-16
"581"	0.94	313	21
"582"	0.93	330	-4
"583"	0.77	1	34
"584"	0.9	250	1
"585"	0.66	276	50
"586"	0.79	236	-25
"587"	0.78	248	25
"588"	0.66	404	27
"589"	0.87	338	0
"590"	0.71	392	43
"591"	0.86	166	0
"592"	0.76	305	7
"593"	0.88	346	-20
"594"	0.8	276	-25
"595"	0.7	397	36
"596"	0.69	388	29
"597"	0.96	273	6
"598"	0.66	359	-38
"599"	0.93	309	-22
"600"	0.93	244	-3
"601"	0.77	284	37
"602"	0.66	392	22
"603"	0.79	288	1
"604"	0.94	232	-5
"605"	0.91	193	-11
"606"	0.69	409	4
"607"	0.97	295	-1
"608"	0.94	231	0
"609"	0.38	180	28
"610"	0.52	1	-41
"611"	0.79	311	-50
"612"	0.9	328	-1
"613"	0.68	169	-50
"614"	0.67	232	6
"615"	0.9	258	24
"616"	0.74	364	29
"617"	0.62	499	0
"618"	0.73	370	-50
"619"	0.85	196	48
"620"	0.93	347	3
"621"	0.93	265	32
"622"	0.86	1	9
"623"	0.67	390	-25
"624"	0.53	486	22
"625"	0.94	347	7
"626"	0.93	343	-13
"627"	0.95	291	-29
"628"	0.63	115	-50
"629"	0.56	437	41
"630"	0.7	402	39
"631"	0.93	297	1
"632"	0.66	404	33
"633"	0.72	388	-25
"634"	0.63	190	-50
"635"	0.64	447	0
"636"	0.78	269	-2
"637"	0.74	369	50
"638"	0.7	363	0
"639"	0.81	1	-39
"640"	0.89	298	-25
"641"	0.87	137	26
"642"	0.67	270	-15
"643"	0.84	244	-37
"644"	0.96	270	7
"645"	0.78	477	0
"646"	0.59	305	-50
"647"	0.74	277	29
"648"	0.74	347	-50
"649"	0.9	214	1
"650"	0.95	375	0
"651"	0.88	266	-29
"652"	0.71	407	48
"653"	0.77	334	-28
"654"	0.86	292	-35
"655"	0.87	406	0
"656"	0.61	395	-10
"657"	0.83	277	-33
"658"	0.89	269	-29
"659"	0.73	259	50
"660"	0.8	262	-45
"661"	0.86	276	20
"662"	0.81	254	0
"663"	0.81	52	-30
"664"	0.69	307	-50
"665"	0.65	247	-19
"666"	0.93	284	11
"667"	0.93	306	10
"668"	0.84	361	20
"669"	0.78	163	-9
"670"	0.77	254	7
"671"	0.65	500	0
"672"	0.9	286	-7
"673"	0.81	193	-26
"674"	0.68	371	43
"675"	0.73	364	50
"676"	0.71	374	29
"677"	0.74	288	-3
"678"	0.67	1	0
"679"	0.73	294	13
"680"	0.71	254	-23
"681"	0.95	258	-2
"682"	0.82	402	0
"683"	0.72	396	50
"684"	0.61	256	50
"685"	0.96	263	-3
"686"	0.87	179	-17
"687"	0.57	1	-46
"688"	0.72	375	50
"689"	0.83	159	-5
"690"	0.79	275	-24
"691"	0.64	407	28
"692"	0.82	235	-50
"693"	0.94	254	12
"694"	0.74	136	-15
"695"	0.73	376	-29
"696"	0.93	304	16
"697"	0.63	496	0
"698"	0.94	210	0
"699"	0.7	124	1
"700"	0.7	384	-50
"701"	0.88	274	16
"702"	0.82	336	35
"703"	0.64	130	-23
"704"	0.7	364	-35
"705"	0.74	364	32
"706"	0.78	282	17
"707"	0.61	1	-45
"708"	0.67	1	-50
"709"	0.67	405	37
"710"	0.95	292	6
"711"	0.84	243	-47
"712"	0.9	269	26
"713"	0.9	224	2
"714"	0.76	13	-20
"715"	0.46	394	50
"716"	0.8	297	-45
"717"	0.98	319	1
"718"	0.93	270	12
"719"	0.75	164	-48
"720"	0.93	288	33
"721"	0.59	382	50
"722"	0.82	143	17
"723"	0.91	305	15
"724"	0.71	303	16
"725"	0.42	500	-28
"726"	0.63	338	50
"727"	0.8	250	6
"728"	0.59	417	0
"729"	0.69	226	-16
"730"	0.79	306	9
"731"	0.96	325	-14
"732"	0.75	328	50
"733"	0.73	164	-37
"734"	0.92	316	9
"735"	0.7	405	42
"736"	0.65	300	12
"737"	0.68	155	-50
"738"	0.81	328	-30
"739"	0.77	324	-50
"740"	0.49	187	-44
"741"	0.92	273	-23
"742"	0.96	302	4
"743"	0.93	277	31
"744"	0.71	187	-35
"745"	0.7	283	50
"746"	0.75	291	-30
"747"	0.65	445	0
"748"	0.72	369	-49
"749"	0.62	276	30
"750"	0.51	463	34
"751"	0.72	273	-40
"752"	0.9	317	-29
"753"	0.89	253	-5
"754"	0.87	1	-27
"755"	0.71	272	-41
"756"	0.72	257	23
"757"	0.87	304	-18
"758"	0.89	226	-17
"759"	0.9	251	18
"760"	0.88	150	-3
"761"	0.51	1	43
"762"	0.93	328	6
"763"	0.79	320	-43
"764"	0.8	304	37
"765"	0.95	255	0
"766"	0.77	312	-36
"767"	0.89	362	-4
"768"	0.83	347	-21
"769"	0.75	1	50
"770"	0.82	289	34
"771"	0.57	1	5
"772"	0.65	149	-42
"773"	0.77	182	-50
"774"	0.89	287	17
"775"	0.86	276	10
"776"	0.79	350	42
"777"	0.76	322	30
"778"	0.77	183	0
"779"	0.74	272	29
"780"	0.74	233	-5
"781"	0.61	154	-50
"782"	0.69	399	2
"783"	0.61	413	0
"784"	0.61	400	-40
"785"	0.52	189	-20
"786"	0.77	1	18
"787"	0.7	111	31
"788"	0.8	279	11
"789"	0.76	302	17
"790"	0.84	329	34
"791"	0.75	246	-37
"792"	0.9	276	26
"793"	0.84	310	2
"794"	0.84	285	-39
"795"	0.87	336	-7
"796"	0.91	279	18
"797"	0.86	370	8
"798"	0.8	334	-32
"799"	0.75	362	22
"800"	0.47	463	12
"801"	0.71	247	0
"802"	0.88	271	-9
"803"	0.56	164	50
"804"	0.9	277	-20
"805"	0.51	186	50
"806"	0.49	149	-50
"807"	0.69	149	31
"808"	0.63	146	-19
"809"	0.75	181	-50
"810"	0.46	343	50
"811"	0.92	256	25
"812"	0.52	217	7
"813"	0.95	320	-19
"814"	0.88	1	-30
"815"	0.68	377	33
"816"	0.94	324	10
"817"	0.74	367	35
"818"	0.88	303	12
"819"	0.84	279	4
"820"	0.67	235	-49
"821"	0.82	323	-36
"822"	0.7	205	50
"823"	0.92	265	-22
"824"	0.79	308	50
"825"	0.66	305	-50
"826"	0.86	300	-12
"827"	0.75	276	0
"828"	0.83	238	-22
"829"	0.89	171	14
"830"	0.82	500	0
"831"	0.72	322	2
"832"	0.74	349	-24
"833"	0.78	287	-29
"834"	0.73	321	-33
"835"	0.82	340	25
"836"	0.68	324	-50
"837"	0.78	278	-16
"838"	0.94	323	5
"839"	0.93	408	0
"840"	0.74	247	50
"841"	0.82	237	-36
"842"	0.52	375	0
"843"	0.63	402	34
"844"	0.48	177	40
"845"	0.78	300	2
"846"	0.93	322	-22
"847"	0.84	336	36
"848"	0.64	348	-50
"849"	0.9	224	0
"850"	0.52	132	50
"851"	0.53	1	11
"852"	0.93	312	3
"853"	0.73	352	-34
"854"	0.91	305	14
"855"	0.74	238	24
"856"	0.87	270	-31
"857"	0.86	340	27
"858"	0.66	389	-17
"859"	0.73	347	50
"860"	0.96	425	0
"861"	0.86	298	6
"862"	0.91	264	-26
"863"	0.74	368	-39
"864"	0.77	228	-4
"865"	0.6	421	21
"866"	0.84	140	-26
"867"	0.66	396	6
"868"	0.81	343	0
"869"	0.78	252	-14
"870"	0.78	253	-32
"871"	0.76	397	2
"872"	0.53	169	50
"873"	0.95	319	19
"874"	0.88	278	27
"875"	0.67	423	23
"876"	0.83	307	-9
"877"	0.65	408	-15
"878"	0.84	173	20
"879"	0.77	363	0
"880"	0.86	310	7
"881"	0.96	338	9
"882"	0.58	141	50
"883"	0.74	368	39
"884"	0.93	327	5
"885"	0.85	287	36
"886"	0.86	254	17
"887"	0.74	402	0
"888"	0.54	1	5
"889"	0.73	381	0
"890"	0.67	404	-48
"891"	0.64	364	0
"892"	0.93	340	1
"893"	0.8	303	-12
"894"	0.87	271	9
"895"	0.75	77	-31
"896"	0.76	397	0
"897"	0.52	321	50
"898"	0.86	279	50
"899"	0.44	1	50
"900"	0.89	307	-30
"901"	0.7	203	50
"902"	0.97	279	-17
"903"	0.73	299	24
"904"	0.46	472	42
"905"	0.86	176	11
"906"	0.67	349	-50
"907"	0.63	209	-50
"908"	0.9	265	9
"909"	0.8	284	34
"910"	0.84	1	-50
"911"	0.81	1	-50
"912"	0.97	274	2
"913"	0.95	244	-2
"914"	0.9	260	-16
"915"	0.87	157	4
"916"	0.43	1	0
"917"	0.88	317	-27
"918"	0.66	37	50
"919"	0.83	291	37
"920"	0.75	1	50
"921"	0.74	250	5
"922"	0.81	49	-2
"923"	0.83	355	-17
"924"	0.92	338	0
"925"	0.73	359	50
"926"	0.74	223	24
"927"	0.71	366	11
"928"	0.9	293	22
"929"	0.63	164	-10
"930"	0.85	312	-38
"931"	0.72	397	0
"932"	0.73	334	50
"933"	0.83	379	0
"934"	0.71	367	-50
"935"	0.94	282	2
"936"	0.81	320	34
"937"	0.98	316	-5
"938"	0.87	325	23
"939"	0.94	328	-13
"940"	0.66	1	-27
"941"	0.69	407	43
"942"	0.82	263	27
"943"	0.77	272	-1
"944"	0.86	1	-34
"945"	0.63	168	50
"946"	0.87	338	-22
"947"	0.53	131	-50
"948"	0.77	354	0
"949"	0.84	234	-15
"950"	0.75	339	24
"951"	0.86	278	-38
"952"	0.81	303	31
"953"	0.83	332	21
"954"	0.91	265	1
"955"	0.88	357	-16
"956"	0.94	259	-14
"957"	0.77	333	15
"958"	0.91	302	-25
"959"	0.58	257	3
"960"	0.73	245	-37
"961"	0.7	153	-33
"962"	0.91	284	-10
"963"	0.62	198	-50
"964"	0.83	287	-3
"965"	0.89	281	29
"966"	0.89	300	-13
"967"	0.86	263	-34
"968"	0.84	348	26
"969"	0.66	379	46
"970"	0.85	1	14
"971"	0.94	289	-3
"972"	0.72	289	-50
"973"	0.89	268	1
"974"	0.86	1	13
"975"	0.73	385	28
"976"	0.97	287	15
"977"	0.92	272	31
"978"	0.91	272	-15
"979"	0.91	287	-35
"980"	0.68	412	20
"981"	0.86	275	7
"982"	0.93	356	0
"983"	0.74	231	36
